UTM-SW = 11;S;468997.0229766489;3781322.737665771
UTM-NE = 11;S;471602.37473349605;3783432.3703101724
BBOX = 468997.0229766489;3781322.737665771;2605.3517568471725;2109.6326444013976
